%YAML:1.0
---
cameraMatrix: !!opencv-matrix
   rows: 3
   cols: 3
   dt: d
   data: [ 1.0839207828881895e+03, 0., 6.6179813116682772e+02, 0.,
       1.0861196404283567e+03, 4.4130315995248344e+02, 0., 0., 1. ]
distCoeffs: !!opencv-matrix
   rows: 1
   cols: 5
   dt: d
   data: [ -4.3793133423787271e-03, 1.7222308789987581e-02,
       4.7575950810965746e-03, 2.2707401797113246e-03,
       -4.9212434622971070e-02 ]
